750
919 796
957 344
492 266
908
622 173
346
824 751
953 392
432 59
378
695 156
586 405
810 49
70
248 246
337 58
436
196
872 413
484 338
253 224
899
487 288
812
629
940 543
892 150
911 894
664 407
400
961 289
476 465
681 285
901 67
237 64
866 461
637 572
577 528
817 52
868 438
457
267
692
765 422
741
611
348
702
888
706
896
936
753 482
628 151
261
996 15
794 236
685 182
915 837
885 155
758 455
545 96
367
997
600 290
202
468
527 160
791
220
745
451
960 339
912 861
251
882 256
283
746
170
268
435
932 615
984 108
947 469
81
450
228
943 511
11
298
754
926
568 547
858 475
707
257 215
857 458
660 414
995 20
111
423
756
841 524
677
820
109
483
154
731 701
671
776
941 521
886
759 454
697 134
688
715 30
918 797
871 415
696 147
927 744
982 118
509
557
644
309
536
34
433
605
964
591
853 513
937 553
516
399 271
265
823
460
784
654
865
669
974 204
979 169
634 612
846 522
939
558 65
987
967 262
773 383
462
949 409
320
542 102
855
255
247
917
991 51
384 0
62
576
560
216
977 183
393
552 76
962
719
440
999 8
838 620
358
233
653 518
210
406
742
951
570
241
678
668 345
485
596
567
23
663
604
713
306 131
230
606
13
905
463
988 91
152 54
106
657 490
608 227
711 32
769 394
610
618 165
264 214
538
122
43
512 168
966
889
316
736
730
324 66
181
254
815
595 355
48
906
500
647
561
272
609 199
125
24
260
767
867
520
587 382
530
590 365
921
809
626
893
347
98
140
449 46
956 372
313
873 402
720 703
184
755
616
651 525
898 101
279
178
903 31
92
514
222
869
16
135
323
923
556
958 341
798 231
636 571
856 481
25
602
808 99
73
800 138
726 716
850
275
533
737 674
652
5
860
21
203
627
723
499
532
743
364
733
550
139
802
828 735
38
575
970
282
303
750 537
403 223
87
211
630 18
412
584
684 188
573 534
929 661
217
22
775
441
666 371
649
734
75
910 847
597
920 795
826
493
551
185 175
673 330
787
601 273
783 318
633 625
539
508
574
807
749 544
127
385 366
472
302
505
63
770 410
148
245
578 474
315
506
334
356
933
635 583
738
269 206
14
74
100
639
136
395 331
477
559
531
848
381
942
180 53
343 57
993 27
710 40
859
579 459
301
488
607 244
662 388
205
598 350
77
806 130
913
638
325
589 373
121
201
724
189
631 124
895
881 243
680
56
593
110
801 137
141
994
193
221 68
830
825 740
240
420
717 12
389
946 470
503 198
709 80
897 105
729
922
880
4
167
799
930 619
370
159
466 375
952 408
340
778
332
387
17
7
614
176
28
1
192
642
965 263
566 36
104 79
42
276
132
112
694
884 195
986
445 55
648
292
621
478 353
45
333
430
507
207 69
689 157
679
819
239
904 26
704
174
785
194
97 84
35
645
569
985 94
369
632 6
849
379
854
722
978
971
286
103
439
818 813
786
335 82
374
835 686
145
768
902 44
728
925
592
968 249
78
811
928 721
833 670
804
293
938
479
296
166
504
329
972
464 2
480
852
878
829
827
300
89
446
19
391
924
650
489
291 161
3
428 71
646
766
874
763 424
683 259
935
834 665
672
658
691
317
357
351
107
448
914
959
781 368
934 581
284
342
676 297
29
790
431
712
845
623
397
950
699 129
879 386
299
747
840 617
718
990 88
191 86
209
777
179
225
836
916 814
682
486
690
976
491
705 93
281
659 443
599 336
418 143
258
774 376
319
496 238
975
322 85
113
287
891 153
762 452
992
641
760 444
498 234
164
780
955
219
278
764
803
312
655
377
425
698 144
832 714
954
354
983
177
667
326
311
805 133
656
213
693
727
613
883 200
739
363 37
235
519
822
843
453
875
310 119
467
931
274
782 327
419 116
973 242
624 146
501 226
90
314
643 562
752 494
757
186
352
761
998
142
839
548 95
948
120
229
909 10
421
876 401
39
989
580 437
772
404
546
149
675 321
349
41
816 72
821
640
877
515
9
60
197
887
529 126
582 434
526
748
33
361
277
396
502
83
981 162
687
380
308
540
842
510 172
588
473
360
362
792
564 47
328
831
232
863
411
565
732
725
907
517 171
554
456
900
427 128
594
190 117
945 471
862 447
50
442
844
969
851
212
497
208
700 115
495 250
390 359
864
294
417 218
708
555
944
603 252
963
779
416
398 280
429
788 307
541
295 158
870
980 114
305
549
789 304
187
771
523 163
890
535 123
563 61
793 270
585 426
