750
937 553
535 123
463
673 330
504
928 721
251
652
548 95
141
879 386
384 0
241
111
154
859
782 327
852
56
802
949 409
346
732
869
300
621
501 226
476 465
109
849
722
635 583
725
611
750 537
570
460
803
590 365
317
258
896
577 528
360
966
284
16
809
607 244
677
232
636 571
643 562
739
89
931
367
14
912 861
775
707
604
574
657 490
419 116
21
783 318
1
876 401
416
692
517 171
818 813
871 415
772
387
820
668 345
726 716
286
113
806 130
179
647
829
771
190 117
205
968 249
561
393
539
993 27
211
343 57
626
324 66
283
591
644
995 20
594
181
319
672
11
425
888
873 402
334
633 625
603 252
727
22
811
303
315
41
148
34
618 165
404
403 223
536
678
122
933
389
312
453
579 459
110
659 443
824 751
945 471
592
538
874
958 341
440
983
773 383
655
855
19
927 744
943 511
763 424
299
103
208
994
468
276
39
948
430
909 10
935
542 102
406
841 524
576
926
883 200
374
509
810 49
930 619
298
908
149
702
822
699 129
642
435
684 188
412
132
875
398 280
235
919 796
651 525
747
700 115
624 146
487 288
967 262
992
979 169
616
602
834 665
648
910 847
588
587 382
595 355
681 285
736
136
342
505
965 263
399 271
184
98
947 469
925
746
833 670
743
35
986
752 494
397
766
769 394
268
189
712
486
546
858 475
914
174
180 53
381
753 482
792
100
323
821
166
989
730
531
337 58
697 134
13
489
540
499
971
309
502
9
889
890
856 481
711 32
953 392
645
515
827
390 359
767
998
679
660 414
411
816 72
38
63
897 105
301
915 837
759 454
685 182
640
893
152 54
77
448
446
940 543
221 68
239
254
720 703
946 470
432 59
881 243
526
851
734
167
495 250
860
121
754
900
358
192
140
573 534
219
186
609 199
500
610
48
944
441
639
516
549
28
305
439
269 206
862 447
676 297
637 572
690
755
240
292
605
565
491
332
467
963
683 259
260
520
694
216
351
853 513
923
819
187
233
815
880
275
641
418 143
255
799
939
558 65
654
868 438
329
791
427 128
770 410
798 231
314
253 224
586 405
45
449 46
530
197
554
209
127
843
631 124
512 168
981 162
761
225
50
584
170
781 368
709 80
457
43
688
281
335 82
74
956 372
484 338
142
212
73
361
508
112
202
483
159
247
349
867
322 85
178
826
885 155
354
379
420
377
664 407
352
838 620
728
599 336
970
780
691
569
904 26
385 366
541
347
656
695 156
768
638
296
884 195
62
980 114
551
417 218
456
364
480
839
984 108
784
580 437
886
585 426
429
790
104 79
872 413
265
942
954
891 153
680
836
689 157
370
498 234
999 8
33
840 617
510 172
854
442
804
488
941 521
776
807
582 434
921
777
222
507
982 118
793 270
996 15
794 236
882 256
911 894
905
864
378
671
669
951
564 47
357
106
649
622 173
213
878
975
924
805 133
863
451
650
918 797
433
698 144
3
613
667
294
529 126
462
450
220
955
177
745
705 93
356
738
560
718
436
715 30
97 84
369
302
445 55
589 373
708
596
210
932 615
485
731 701
575
974 204
906
478 353
333
629
395 331
817 52
835 686
514
917
245
985 94
964
936
662 388
164
978
959
920 795
785
627
764
990 88
960 339
272
75
704
293
533
830
196
17
92
545 96
857 458
901 67
506
135
787
431
950
248 246
496 238
90
328
559
261
663
788 307
848
185 175
7
217
606
274
532
907
362
479
682
742
194
729
786
492 266
850
593
497
706
666 371
846 522
391
295 158
842
291 161
193
348
757
563 61
600 290
758 455
598 350
737 674
969
973 242
634 612
421
472
203
696 147
865
400
279
557
961 289
832 714
801 137
972
724
519
903 31
207 69
267
477
717 12
774 376
719
687
428 71
623
748
922
895
176
630 18
120
957 344
938
380
760 444
952 408
749 544
325
191 86
567
823
741
316
201
568 547
287
550
899
608 227
139
800 138
308
24
713
962
83
628 151
363 37
70
887
107
976
78
762 452
306 131
566 36
29
632 6
326
25
929 661
264 214
808 99
311
4
23
503 198
228
828 735
277
988 91
723
313
523 163
556
493
844
81
340
658
278
997
552 76
601 273
892 150
237 64
977 183
898 101
779
987
230
396
675 321
778
913
125
765 422
42
991 51
87
693
60
789 304
710 40
466 375
812
870
653 518
756
646
866 461
145
320
578 474
934 581
916 814
464 2
527 160
845
831
473
229
614
902 44
733
877
5
310 119
257 215
282
825 740
555
423
597
